0 0
0 1
0 2
0 3
0 4
1 5
1 6
1 7
1 8
1 9
2 10
3 10
4 10
5 10
6 10
7 10
8 10
9 10
10 10
11 10
12 10
13 10
14 11
15 11
16 12
17 12
18 12
19 12
20 13
21 13
22 14
22 15
22 16
22 17
22 18
22 19
22 20
22 21
22 22
22 23
22 24
22 25
22 26
21 27
20 27
19 28
18 29
18 30
18 31
18 32
18 33
17 34
17 35
17 36
17 37
17 38
18 39
19 40
19 41
19 42
19 43
19 44
19 45
19 46
19 47
19 48
19 49
19 50
19 51
19 52
19 53
19 54
19 55
19 56
19 57
19 58
19 59
19 60
19 61
19 62
19 63
19 64
19 65
19 66
19 67
18 68
17 69
16 70
15 71
15 72
15 73
